0 0.11573064423076923 0.25337837860576923 0.04007633653846154 0.055896805288461554
0 0.3556434026442308 0.10012284975961538 0.008996728365384609 0.011056512019230764
0 0.14571973798076923 0.5823095817307693 0.05043620673076921 0.0479115480769231
0 0.39940021875 0.780712530048077 0.017993456730769283 0.04054054086538464
0 0.5147219194711539 0.125 0.010905127403846134 0.016584764423076905
0 0.4976826598557692 0.022113022836538463 0.014449290865384636 0.017199016826923076
0 0.6192748100961539 0.09950859975961539 0.011723009615384656 0.012285012019230771
0 0.6192748088942307 0.13175675721153846 0.008996728365384609 0.009213759615384612
0 0.42639040384615384 0.26105651081730774 0.012540894230769258 0.018427516826923077
0 0.569247546875 0.265663390625 0.009814612980769279 0.021498771634615384
0 0.6384950925480768 0.361179360576923 0.015812430288461517 0.023341524038461518
0 0.61682115625 0.43581081129807697 0.013904033653846208 0.032555281249999964
0 0.6623500540865385 0.6695331694711538 0.012268266826923151 0.023341521634615302
0 0.6462649951923076 0.4585380829326923 0.011723009615384656 0.03132678124999998