0 0.5178571430288461 0.9726658485576924 0.01717557451923076 0.038697788461538436
0 0.47887131971153846 0.8148034399038462 0.009541985576923036 0.02764127884615392
0 0.43702290144230765 0.4118550360576923 0.028353326923076922 0.019041769230769254
0 0.46537622596153844 0.17874692908653847 0.026717557692307718 0.034398036057692316
0 0.16684841947115384 0.23464373437500002 0.020719737980769228 0.0282555264423077
0 0.3017993461538462 0.010135134615384615 0.010359870192307672 0.02027026923076923
0 0.4424754639423077 0.0021498774038461537 0.00763358653846151 0.004299754807692307
0 0.6517175564903847 0.23157248197115385 0.03244274759615378 0.058968060096153824
0 0.7814885504807693 0.5463759206730769 0.024263903846153775 0.038697788461538436
0 0.7621319519230769 0.46314496274038464 0.017175572115384615 0.030712531249999977
0 0.6785714278846153 0.5838452091346154 0.02126499519230776 0.038697788461538436