0 0.938794983173077 0.8839066334134617 0.04770992307692309 0.09459459374999991
0 0.3715921478365385 0.17997542908653846 0.013086151442307684 0.012285012019230756
0 0.7679934579326925 0.24232186778846154 0.008178843750000006 0.027641278846153854
0 0.4381134134615384 0.4591523341346154 0.023446019230769242 0.020270269230769244
0 0.5194929110576924 0.21836609375 0.004089423076923077 0.014127764423076923
0 0.2754907307692308 0.3083538076923077 0.024263903846153845 0.023341524038461552
0 0.5913304242788462 0.22389434855769233 0.00981461298076921 0.015356264423076915
0 0.6586695745192308 0.23218673197115386 0.00763358653846151 0.011056512019230798
0 0.5726553978365385 0.36455773918269235 0.01117775240384616 0.026412776442307714
0 0.4516085060096154 0.3320024567307692 0.008996728365384609 0.014127764423076923
0 0.020310795673076924 0.6259213762019231 0.04062159134615385 0.08230958413461541
0 0.2835332596153846 0.18888206490384615 0.005452562499999993 0.038697788461538436
0 0.7066521262019231 0.19164619110576925 0.015267175480769168 0.011056512019230764
0 0.6510359867788462 0.1833538076923077 0.018538713942307713 0.01904176923076922
0 0.29825518028846154 0.1925675673076923 0.007633586538461545 0.03746928846153844
0 0.43361504927884614 0.2530712536057692 0.008996728365384609 0.006142507211538468
0 0.41671210456730773 0.27272727283653847 0.009541983173076956 0.013513512019230746
0 0.31065975961538467 0.22389434855769233 0.058615048076923075 0.009213759615384629