0 0.28763020793269234 0.6243055552884614 0.009635415865384599 0.01712962980769229
0 0.4122395829326923 0.28449074038461536 0.010416665865384641 0.014351850961538468
0 0.55546875 0.2238425925480769 0.016666668269230776 0.013425925480769254
0 0.8470052079326924 0.4009259254807693 0.02682291586538468 0.022222221153846193
0 0.6930989591346154 0.13472222235576922 0.013281249999999946 0.022222223557692305
0 0.5458333329326923 0.9696759254807692 0.016666665865384626 0.023611110576923104
0 0.7914062500000001 0.5562499999999999 0.012499999999999973 0.018055557692307687
0 0.986328125 0.7685185180288461 0.015885418269230803 0.02592592548076926
0 0.8848958329326924 0.9918981478365384 0.013020834134615291 0.01620370432692311
0 0.8677083329326922 0.9696759254807692 0.010416665865384572 0.023611110576923104
0 0.6098958341346153 0.41574074158653845 0.012499999999999973 0.019444444711538448
0 0.5981770829326923 0.41712962860576924 0.006770834134615373 0.01481481490384613