0 0.4674209387019231 0.6148648641826923 0.007360959134615404 0.02702702644230764
0 0.5147219194711539 0.17076167067307693 0.023446021634615392 0.018427519230769223
0 0.43157033774038456 0.1296068798076923 0.007633588942307727 0.07616707692307692
0 0.39394765504807694 0.3574938569711538 0.013631406249999966 0.022113021634615447
0 0.26172300961538464 0.42659705168269235 0.013086149038461538 0.014127762019230775
0 0.14612868028846154 0.4351965600961538 0.013631408653846164 0.03378378365384611
0 0.35591603004807687 0.3316953317307692 0.012268266826923084 0.017199019230769268
0 0.17557251923076922 0.7463144963942308 0.025627043269230796 0.04299754086538462
0 0.30697928124999996 0.16400491346153848 0.0070883317307692305 0.02948402884615384
0 0.15689749158653846 0.14189189182692308 0.019901853365384612 0.017199019230769233
0 0.43525081850961544 0.06879606971153847 0.0068157043269231245 0.057739557692307694