0 0.9329427079326924 0.9956018521634615 0.011197915865384682 0.008796295673076972
0 0.7194010420673076 0.36666666706730766 0.015885415865384653 0.037037036057692256
0 0.6364583329326924 0.39421296274038464 0.008854165865384626 0.008796295673076972
0 0.6641927079326924 0.3814814807692307 0.0033854158653845445 0.004629629807692317
0 0.7738281250000001 0.6752314819711539 0.013281250000000081 0.018055555288461606
0 0.91875 0.3506944447115385 0.02395833173076931 0.02916666826923075
0 0.9811197920673076 0.759953703125 0.009635415865384599 0.020833334134615293
0 0.8700520841346153 0.8298611117788461 0.01093749999999989 0.018055555288461606
0 0.598828125 0.7481481478365384 0.004947918269230774 0.008333334134615455
0 0.8753906250000001 0.308796296875 0.005468750000000082 0.007407406249999992
0 0.6145833341346154 0.32337962860576924 0.004687499999999973 0.006944444711538476
0 0.876953125 0.33379629567307695 0.005468749999999945 0.011111110576923062