0 0.5761995637019232 0.24017199038461537 0.042802617788461554 0.09213759134615386
0 0.11586695673076923 0.19963144951923079 0.05398037019230768 0.08230958173076923
0 0.14026717548076922 0.22819410336538462 0.02971646634615384 0.03746928846153844
0 0.118184296875 0.13114250600961538 0.04334787259615384 0.0976658485576923
0 0.09201199519230768 0.19963144951923079 0.036804798076923086 0.054054052884615386
0 0.18102508173076923 0.59398034375 0.05016357692307693 0.07739557692307687
0 0.20378953125 0.5626535625 0.02971646634615384 0.05896805769230768
0 0.1391766622596154 0.6173218677884614 0.048255180288461534 0.08722358653846153
0 0.15580697956730769 0.46560196514423074 0.055343512019230746 0.054054055288461564
0 0.1285441658653846 0.5147420144230769 0.04225736057692306 0.046683048076923035
0 0.11477644591346153 0.5454545456730769 0.07251908413461537 0.09950860096153846
0 0.06611232211538462 0.6114864867788461 0.045528899038461544 0.07309582451923081
0 0.028489640625 0.7883906634615384 0.04334787259615385 0.07186732211538469
0 0.0444383858173077 0.5340909098557692 0.041984733173076924 0.07923832932692307
0 0.047437295673076925 0.5012285012019231 0.056706653846153844 0.03562653605769231
0 0.25790621634615385 0.9259828004807692 0.028898581730769236 0.05712530769230776
0 0.08137949759615384 0.9600737091346154 0.027535442307692313 0.04791154807692303
0 0.1476281346153846 0.8077395576923077 0.11041439423076922 0.21253071153846156