0 0.509541984375 0.765049139423077 0.017448199519230788 0.03746928846153844
0 0.4453380588942307 0.4041769038461539 0.0073609591346153365 0.028255528846153847
0 0.18552344591346154 0.5340909086538462 0.02208287740384618 0.04238329326923077
0 0.4912759002403846 0.04637592067307693 0.020719737980769197 0.019041769230769227
0 0.4122137403846154 0.024877150240384616 0.00763358653846151 0.04975430048076923
0 0.14299345673076924 0.03777641225961538 0.019901855769230776 0.020270271634615387
0 0.292121046875 0.04791154807692308 0.008996728365384609 0.024570024038461535
0 0.14367502764423076 0.28961916466346155 0.013086151442307684 0.03255528125
0 0.2558615048076923 0.2764127764423077 0.0122682644230769 0.012285014423076902
0 0.34255725240384616 0.19348894350961537 0.011723009615384656 0.011056512019230764
0 0.3779989098557692 0.21283783894230768 0.01117775240384616 0.01904176923076922