0 0.3455729170673077 0.1458333329326923 0.02083333413461536 0.026851853365384624
0 0.23867187499999998 0.25138888822115385 0.01796875000000002 0.014814814903846165
0 0.7014322920673077 0.24444444471153848 0.015885415865384653 0.011111110576923062
0 0.6098958329326923 0.18009259254807694 0.019270834134615413 0.014814814903846165
0 0.4442708329326923 0.534953704326923 0.027604165865384653 0.01712962980769229
0 0.076171875 0.519907407451923 0.013281250000000005 0.0148148149038462
0 0.0875 0.42175925841346157 0.006770831730769226 0.019444444711538448
0 0.6337239591346153 0.9472222223557692 0.013281249999999946 0.034259257211538434
0 0.7121093749999999 0.5789351850961538 0.022135418269230718 0.00972222115384615
0 0.611328125 0.2391203701923077 0.008072918269230801 0.019907408653846145
0 0.4764322920673077 0.12245370312500001 0.004947915865384627 0.0245370360576923
0 0.255859375 0.17037037019230772 0.007031250000000027 0.012037038461538491