0 0.2745365324519231 0.4173832920673077 0.03162486298076921 0.026412776442307644
0 0.3563249723557692 0.11732186778846154 0.003271536057692259 0.023341524038461535
0 0.40676117788461535 0.11640049158653845 0.00763358653846151 0.006756757211538464
0 0.36423118870192306 0.11732186778846154 0.0027262812500000477 0.023341524038461535
0 0.4940021814903846 0.12960687860576922 0.0027262812500000477 0.00737100721153846
0 0.3728189747596154 0.13759213701923076 0.02971646875000002 0.0049140048076922955
0 0.4580152680288462 0.1504914002403846 0.002726281249999979 0.006142507211538468
0 0.42639040384615384 0.20270270312499997 0.012540894230769258 0.011056512019230764
0 0.5881952007211538 0.13605651081730769 0.008996728365384609 0.007985257211538456
0 0.35741548437500004 0.15909090865384615 0.015267175480769236 0.011056509615384616
0 0.4656488545673077 0.14680589663461538 0.008178843750000006 0.004914004807692312
0 0.29621046875 0.21130221033653845 0.017175572115384615 0.012285012019230789
0 0.5036804795673077 0.1784398028846154 0.006815704326923056 0.009213759615384594
0 0.6641221370192307 0.141277640625 0.00490730769230761 0.015970516826923093
0 0.6502181021634617 0.35534398076923074 0.015812430288461517 0.038697788461538436
0 0.6562159206730769 0.13974201442307693 0.012540894230769258 0.015356264423076915
0 0.4642857151442307 0.375307125 0.015267175480769236 0.041769043269230706
0 0.663167938701923 0.1652334158653846 0.006815704326923056 0.023341524038461552
0 0.5881952007211538 0.26934889423076924 0.008996728365384609 0.02027026923076921