0 0.4840512548076923 0.3725429963942308 0.02262813461538464 0.026412776442307714
0 0.907442748798077 0.47880835336538463 0.02480916105769241 0.053439802884615424
0 0.5423936754807692 0.14373464423076923 0.004089423076923077 0.023341524038461552
0 0.4929116682692308 0.21590909134615385 0.013086149038461605 0.012899264423076899
0 0.5492093786057692 0.1452702704326923 0.0029989110576923014 0.02027027163461539
0 0.9426117776442309 0.22113022115384615 0.008451473557692397 0.023341524038461518
0 0.8117502728365384 0.20178132692307693 0.008996728365384609 0.009213759615384629
0 0.6845692475961538 0.17721130288461537 0.0027262836538461954 0.009213759615384629
0 0.5877862596153847 0.15233415264423078 0.005452562500000027 0.006142507211538468
0 0.5429389314903846 0.18243243269230772 0.012268266826923084 0.011056509615384616
0 0.6124591057692308 0.23710073677884613 0.014449293269230714 0.011056512019230764
0 0.9287077427884616 0.2174447175480769 0.01935659615384603 0.018427516826923077
0 0.6982006550480769 0.2300368545673077 0.008178843750000006 0.01289926201923075
0 0.6436750276442307 0.19011056490384615 0.002726281249999911 0.007985259615384602
0 0.8107960733173077 0.35288697836538463 0.015267175480769305 0.025184274038461504
0 0.6508996718749999 0.19011056490384615 0.008996728365384609 0.007985259615384602
0 0.9419302067307692 0.265663390625 0.007088331730769299 0.00921375721153848
0 0.937431842548077 0.25583538100961534 0.014449290865384703 0.03255528125
0 0.6558069783653846 0.40878378365384616 0.017175572115384615 0.03992628846153849