0 0.8766357680288461 0.9127764134615385 0.021537622596153865 0.10565110576923085
0 0.8646401310096153 0.8479729735576923 0.027535439903846173 0.08538083653846147
0 0.4482006538461538 0.5807739567307693 0.010359870192307706 0.014127764423076923
0 0.019901853365384616 0.265049140625 0.016357687500000002 0.02641277644230768
0 0.055070883413461544 0.41185503725961536 0.01090512740384615 0.03132678125000004
0 0.23555070913461537 0.025491400240384616 0.014721918269230775 0.042383290865384615
0 0.30139040384615384 0.03470515985576923 0.0166303173076923 0.026412776442307696
0 0.3910850600961539 0.6053439807692308 0.013904033653846138 0.03255528365384625
0 0.20092693509615384 0.21898034375 0.00763358653846151 0.009213759615384629
0 0.14163031610576923 0.3240171995192308 0.008996728365384609 0.014127764423076923
0 0.23105234495192306 0.20669533173076923 0.009541983173076921 0.009213759615384594
0 0.1457197391826923 0.1667690420673077 0.008996728365384609 0.02027027163461539
0 0.34882769951923076 0.39250614182692306 0.011723009615384656 0.023341524038461587
0 0.24032170192307692 0.06695331730769231 0.011723009615384621 0.04668304807692308
0 0.11477644471153846 0.5058353810096154 0.01744820192307692 0.032555281249999964
0 0.6423118858173077 0.5052211310096154 0.03162486298076918 0.07432432451923074
0 0.28762268269230773 0.26197788701923075 0.0070883317307692305 0.02027026923076921