0 0.2903489639423077 0.4809582307692307 0.023446019230769242 0.05773955769230769
0 0.33151581249999995 0.18181818149038462 0.018538711538461497 0.034398036057692316
0 0.4690567067307692 0.6514127764423077 0.016630317307692266 0.03992628846153842
0 0.6402671754807692 0.6670761670673075 0.030261721153846084 0.04668304567307689
0 0.8187022896634615 0.6179361177884615 0.018538713942307574 0.039312038461538495
0 0.8376499459134615 0.8015970516826924 0.012268266826923151 0.0454545456730769
0 0.4930479831730769 0.27579852644230773 0.006270447115384629 0.023341524038461552
0 0.6409487463942308 0.34244471754807687 0.015267175480769168 0.020270271634615325
0 0.505316248798077 0.110257984375 0.014449290865384636 0.021498771634615384
0 0.6440839687500001 0.19410319350961538 0.011723009615384656 0.015970516826923093
0 0.5816521262019231 0.12745700240384616 0.008451473557692327 0.009213759615384612