0 0.60059978125 0.2229729735576923 0.039258451923076906 0.05773955769230772
0 0.5199018545673076 0.3015970516826923 0.03653217067307693 0.058968060096153824
0 0.44492911658653844 0.20270270192307693 0.05234460336538466 0.08599508653846154
0 0.561205016826923 0.10165847596153846 0.017175572115384615 0.06695331730769231
0 0.5278080697115384 0.11271498798076925 0.03871319711538456 0.04484029326923077
0 0.5036804795673077 0.17260442307692306 0.04007633413461543 0.08108108173076924
0 0.44506543028846157 0.08538083533653847 0.02753544230769232 0.07493857451923078
0 0.46878407812500006 0.15540540625000002 0.03244274759615385 0.05282555288461539
0 0.4768266081730769 0.10104422596153845 0.041439475961538456 0.07800982692307691
0 0.514994546875 0.09858722355769231 0.0310796081730769 0.07923832692307692
0 0.6742093774038461 0.21652334134615386 0.017993456730769217 0.03255528365384615