0 0.22137404687499998 0.7036240781249999 0.02780806971153846 0.07923832932692307
0 0.25763358774038464 0.2859336610576923 0.022900762019230747 0.03746928846153844
0 0.4487459098557692 0.15171990144230768 0.013086151442307684 0.023341524038461552
0 0.4477917127403846 0.34981572475961537 0.006815704326923056 0.021498771634615384
0 0.5288985829326923 0.1514127764423077 0.007633588942307727 0.007985259615384637
0 0.5940567067307693 0.20515970552884616 0.012540894230769258 0.015970516826923093
0 0.6012813521634615 0.37070024519230765 0.014449290865384636 0.020270269230769244
0 0.6269083978365385 0.7453931201923076 0.03244274759615385 0.05098280288461537
0 0.4473827704326923 0.8209459459134615 0.018538713942307713 0.04361179567307698
0 0.781079608173077 0.6022727271634616 0.017993456730769217 0.03869779086538465
0 0.8101145036057692 0.7880835384615386 0.013904036057692356 0.046683048076923035
0 0.021673936298076922 0.01228501201923077 0.008996728365384617 0.015970514423076922