0 0.5092693569711538 0.6498771502403847 0.03871319471153848 0.05651105528846141
0 0.8493729555288461 0.7503071262019231 0.022082877403846214 0.026412776442307644
0 0.40280806971153843 0.10165847716346153 0.02753544230769225 0.030098281250000018
0 0.8263358786057692 0.3768427524038461 0.023991276442307672 0.038697788461538436
0 0.7738549627403846 0.22788697836538463 0.014449290865384703 0.02948402884615384
0 0.8131134134615384 0.35749385817307694 0.017175572115384615 0.05282555288461543
0 0.779716467548077 0.2097665841346154 0.004362050480769251 0.009213759615384629
0 0.7955288990384616 0.2082309579326923 0.012540894230769121 0.015970516826923093
0 0.789394765625 0.2444717451923077 0.014994545673076915 0.02948402884615387
0 0.8034351141826922 0.23863636418269232 0.013086151442307617 0.03255528125
0 0.79893675 0.21744471754807693 0.024809158653846124 0.0282555264423077