0 0.46946564903846155 0.7945331694711538 0.00763358653846151 0.019041766826923105
0 0.7686750276442307 0.9140049146634616 0.022082877403846214 0.04054054086538464
0 0.47191930168269225 0.8535012283653847 0.020719737980769197 0.06203931250000002
0 0.8366957463942308 0.609336609375 0.018538713942307713 0.030712531249999977
0 0.8863140673076922 0.38144963221153844 0.015812432692307664 0.023341524038461518
0 0.9757360949519231 0.024570025240384617 0.020719737980769128 0.03071253125
0 0.8493729555288461 0.23617936177884616 0.013904036057692219 0.021498771634615384
0 0.8401035985576925 0.1888820637019231 0.011723009615384656 0.02027027163461539
0 0.9736913846153846 0.036547911057692305 0.02208287980769236 0.03869778846153846
0 0.6781624867788463 0.0992014747596154 0.01663031490384612 0.027641276442307686
0 0.9483369675480768 0.0672604423076923 0.014449290865384566 0.07309582211538462
0 0.8525081790865384 0.2285012283653846 0.015812430288461517 0.022113024038461528