0 0.4453380588942307 0.7183660937499999 0.008996728365384676 0.025184274038461504
0 0.4133042536057693 0.07217444711538461 0.008178843750000006 0.0669533173076923
0 0.5005452560096154 0.19041768990384617 0.021264992788461543 0.023341524038461552
0 0.4101690300480769 0.13820638822115383 0.008996728365384609 0.0896805889423077
0 0.3673664122596154 0.40663390625 0.014449290865384636 0.023341524038461587
0 0.27085605168269233 0.1762899266826923 0.008996728365384609 0.03562653605769231
0 0.09964558413461538 0.141277640625 0.024263903846153845 0.022113021634615378
0 0.08206106971153847 0.4987714987980769 0.017993456730769224 0.04668304567307689
0 0.3249727367788461 0.3777641274038462 0.015267175480769236 0.01842751923076919
0 0.21769356610576923 0.49109336538461545 0.014449290865384636 0.015356264423076915
0 0.11450381730769231 0.8829852584134616 0.02889858173076922 0.04975430048076923