0 0.2211014182692308 0.33753071274038465 0.03380588942307691 0.055896805288461554
0 0.508042530048077 0.6590909086538462 0.008996728365384609 0.018427519230769327
0 0.7883042536057692 0.3187960685096154 0.026990185096153824 0.034398036057692316
0 0.29225736177884615 0.7595208846153846 0.031079608173076936 0.05466830288461548
0 0.28380588942307694 0.8025184278846154 0.040894221153846146 0.04361179326923083
0 0.9180752451923078 0.13114250600961538 0.02808069711538467 0.04852580048076924
0 0.15894220312500001 0.9398034399038462 0.005997819711538455 0.01105650961538465
0 0.14790076442307692 0.890970515625 0.011723009615384604 0.03746928605769229
0 0.18402399038461537 0.9484029483173076 0.023446019230769242 0.04299754086538462
0 0.18170665264423078 0.9763513509615385 0.026990185096153824 0.03746928846153844
0 0.1924754639423077 0.90632678125 0.028898581730769236 0.03746928846153844
0 0.16412213822115385 0.8848280108173078 0.03326063221153847 0.07432432451923081
0 0.18170665264423078 0.8685503689903845 0.02535441586538462 0.041769040865384625