0 0.5981461286057692 0.5128992620192308 0.023446021634615323 0.05282555288461536
0 0.4505179927884615 0.6366707620192307 0.02044711057692309 0.03255528365384618
0 0.48909487499999993 0.44164619230769225 0.07579062019230769 0.1928746923076923
0 0.379089421875 0.5122850132211538 0.05425299759615389 0.03562653605769231
0 0.2831243185096154 0.4398034399038462 0.024263906250000026 0.05896805769230774
0 0.2544983641826923 0.202702703125 0.07333696875 0.05159705048076922
0 0.3135223545673077 0.2920761670673077 0.052889858173076905 0.12714987740384617
0 0.29593784134615386 0.2168304675480769 0.022082879807692295 0.0884520889423077
0 0.4546074146634616 0.30221130288461534 0.04825518028846151 0.05773955769230765
0 0.4484732824519231 0.1569410324519231 0.03980370913461533 0.06572481490384614
0 0.4833696838942308 0.25952088461538464 0.05179934375000002 0.03992628846153846
0 0.4266630324519231 0.24938575000000002 0.05997818990384617 0.054054052884615386
0 0.3946292259615385 0.3295454543269231 0.02753544230769232 0.07800982692307697
0 0.3022082872596154 0.1142506141826923 0.024809161057692306 0.09828009855769232
0 0.3207470012019231 0.1296068798076923 0.03735005528846157 0.0515970528846154
0 0.31079607451923075 0.19011056490384615 0.018538711538461563 0.06695331730769231
0 0.3610959651442307 0.2788697788461538 0.04498364182692311 0.0479115480769231
0 0.35768811298076925 0.24477886899038465 0.044711014423076935 0.036240786057692334
0 0.3500545252403846 0.20638820673076924 0.022900762019230816 0.05282555288461539