0 0.523037078125 0.059889435096153854 0.012268266826923084 0.060810812500000005
0 0.9940021814903847 0.36271498798076923 0.010359867788461558 0.03255528365384618
0 0.4775081790865384 0.5884520877403846 0.004089420673076929 0.00737100721153846
0 0.7508178834134616 0.4290540540865385 0.015267175480769168 0.02518427644230772
0 0.4612868052884615 0.38144963221153844 0.010359870192307706 0.023341524038461518
0 0.4895038173076923 0.4444103185096153 0.018811341346153816 0.03132678124999998
0 0.5744274807692308 0.36916461899038466 0.025627043269230796 0.041769040865384625
0 0.46878407812500006 0.4189189194711538 0.003544165865384581 0.00737100721153846
0 0.4760087235576923 0.3817567560096154 0.023446019230769242 0.06081081009615388
0 0.4978189747596154 0.4133906634615384 0.020174483173076914 0.034398033653846166
0 0.4901853870192308 0.38237100721153844 0.017448201923076938 0.025184274038461504
0 0.5708833149038461 0.39711302163461537 0.03380588942307688 0.020270269230769244