0 0.1772135420673077 0.10277777764423077 0.009635415865384599 0.037962963942307686
0 0.5466145829326923 0.21388888822115384 0.010416665865384641 0.025925925480769225
0 0.6098958329326923 0.24259259254807694 0.008854165865384626 0.026851853365384624
0 0.9173177091346153 0.39560185216346155 0.016406249999999973 0.024537036057692283
0 0.42526041706730766 0.6833333329326924 0.006770834134615373 0.008333334134615318
0 0.4520833329326923 0.6710648149038462 0.002604165865384572 0.00601851923076916
0 0.5561197908653847 0.9715277788461539 0.01171875 0.01712962980769229
0 0.890625 0.8752314819711539 0.01250000000000011 0.02546296394230761
0 0.5057291670673076 0.6594907403846155 0.016666665865384626 0.03935185096153855
0 0.8520833341346155 0.5428240733173078 0.010937500000000027 0.018055555288461537
0 0.662109375 0.6020833329326923 0.004947918269230638 0.006944444711538476
0 0.9871093750000001 0.4340277776442308 0.018489581730769224 0.02083333413461543
0 0.7046874999999999 0.6474537031250001 0.02395833173076917 0.03194444471153842
0 0.9826822908653846 0.49837962980769224 0.016406249999999973 0.0245370384615385
0 0.95 0.3483796298076923 0.006250000000000055 0.008796298076923118
0 0.6627604158653847 0.6284722223557693 0.006249999999999918 0.013425925480769152
0 0.4029947920673077 0.6125 0.004947915865384627 0.008333331730769307