0 0.059375000000000004 0.8620370372596154 0.025520831730769227 0.041666665865384575
0 0.6686197920673076 0.3405092596153846 0.030989584134615347 0.05046296153846154
0 0.8253906249999999 0.3511574074519231 0.016406249999999973 0.04120370432692306
0 0.7932291670673077 0.7875000000000001 0.011458334134615345 0.031481480769230755
0 0.5756510420673077 0.7273148149038462 0.026302084134615374 0.024074072115384617
0 0.43893229206730766 0.7324074074519231 0.02473958413461543 0.028703704326923082
0 0.3009114591346154 0.9067129627403846 0.030468750000000027 0.04768518509615387
0 0.1032552079326923 0.6097222223557692 0.012760415865384626 0.02222222355769227
0 0.31523437499999996 0.043750000000000004 0.02057291826923074 0.032870370192307694
0 0.4850260408653846 0.4365740733173077 0.016406250000000042 0.021296295673076945
0 0.22955729086538462 0.42615740745192304 0.014843749999999992 0.022685185096153856
0 0.041536459134615386 0.20162037019230772 0.022656249999999996 0.036574072115384625