0 0.012677207932692308 0.31541768990384617 0.025354415865384616 0.03378378365384617
0 0.10959651081730769 0.8986486478365384 0.026172300480769222 0.04054054086538464
0 0.15894220192307693 0.6489557740384615 0.03925845192307693 0.05466830288461534
0 0.41603053485576924 0.25952088461538464 0.020719737980769263 0.02518427403846154
0 0.6334514723557694 0.3169533173076923 0.01663031490384612 0.024570024038461542
0 0.586832061298077 0.11271498798076923 0.014449290865384636 0.03255528365384615
0 0.017584514423076923 0.642813266826923 0.035169028846153846 0.038697788461538436
0 0.7673118858173077 0.35995086057692305 0.012268266826923014 0.023341524038461518
0 0.7997546346153848 0.3062039314903846 0.016630317307692266 0.02149877163461535
0 0.7820338052884614 0.25737100721153844 0.011723009615384656 0.023341524038461518
0 0.6972464555288462 0.11087223677884615 0.021537622596153865 0.050982800480769225
0 0.7583151586538462 0.6173218665865385 0.009541985576923104 0.022113021634615312