0 0.2850260420673077 0.9560185192307693 0.013802084134615367 0.01851851923076927
0 0.4346354170673077 0.6303240733173077 0.023958334134615386 0.03194444471153849
0 0.2747395829326923 0.1900462956730769 0.008333334134615388 0.01712962980769229
0 0.34036458293269234 0.22245370432692307 0.010416665865384572 0.028240740384615385
0 0.12981770913461538 0.5983796298076923 0.005468749999999996 0.00972222115384615
0 0.18098958413461536 0.6597222223557693 0.004687500000000007 0.007407406249999992
0 0.1514322920673077 0.6717592596153847 0.009114584134615376 0.012037038461538457
0 0.6221354170673077 0.8594907403846153 0.013020834134615291 0.028240740384615284
0 0.2348958329326923 0.6467592596153847 0.015104165865384612 0.04074074038461539
0 0.8786458329326924 0.8733796298076922 0.013020834134615428 0.02453703846153843
0 0.5802083329326924 0.523842592548077 0.010416665865384641 0.02175925721153846
0 0.6484375 0.3796296298076923 0.017187499999999946 0.02685185096153844
0 0.721875 0.41689814903846156 0.015625 0.023611110576923104
0 0.3954427079326923 0.5868055552884616 0.004947915865384627 0.00879629807692305
0 0.7149739579326921 0.4810185192307692 0.018489584134615374 0.02962962980769233
0 0.396484375 0.6094907403846155 0.005468749999999945 0.014351850961538536
0 0.8307291670673076 0.46087962860576925 0.008333334134615318 0.018055555288461537
0 0.876171875 0.20902777764423078 0.011197918269230693 0.01342592548076922