0 0.09160305288461539 0.3055896802884615 0.03435114423076923 0.038697788461538436
0 0.5931025084134615 0.907862408653846 0.040621593750000004 0.034398033653846236
0 0.7551799350961539 0.9382678125 0.020174480769230767 0.03869778846153857
0 0.7330970552884616 0.8762285012019231 0.015812432692307664 0.03869779086538472
0 0.9822791706730769 0.8682432427884615 0.010359870192307706 0.03869778846153857
0 0.49127589903846147 0.17782555288461538 0.0288985817307692 0.05098280288461539
0 0.4769629230769231 0.011670760817307694 0.011723009615384587 0.017199016826923076
0 0.5340785180288462 0.08753071153846154 0.009814612980769279 0.014127764423076923
0 0.630588876201923 0.17076167067307693 0.020719737980769263 0.022113024038461528
0 0.596510359375 0.02610565144230769 0.004907305288461531 0.009213759615384617
0 0.707878953125 0.11732186778846154 0.013904036057692356 0.011056509615384616
0 0.7859869146634615 0.3559582307692307 0.020719737980769263 0.015356264423076915
0 0.8387404579326924 0.3249385757211538 0.019901853365384525 0.030712531250000046
0 0.5249454747596154 0.35442260456730773 0.022082877403846145 0.0282555264423077
0 0.7644492920673078 0.08046683052884615 0.015267175480769305 0.012285012019230764