0 0.008860414663461538 0.15694103125 0.017720829326923076 0.019041769230769254
0 0.1285441658653846 0.32893120312499996 0.040621591346153854 0.026412776442307714
0 0.5054525624999999 0.6056511045673076 0.015812432692307733 0.04545454567307683
0 0.052617229567307695 0.07524569951923077 0.022900762019230764 0.01044225961538462
0 0.6729825516826923 0.41185503605769236 0.014449290865384566 0.043611793269230766
0 0.3705016358173077 0.28900491346153845 0.0054525649038461065 0.019041769230769254
0 0.44506543028846157 0.202702703125 0.006815701923076909 0.03562653605769231
0 0.36150490625000004 0.21590909134615385 0.012540894230769258 0.012899264423076899
0 0.3411941105769231 0.18488943509615385 0.024263903846153845 0.018427519230769223
0 0.35387131971153846 0.21130221153846154 0.005452562500000027 0.015970514423076912
0 0.7465921478365385 0.5411547920673077 0.016630314903846255 0.04054054086538464