0 0.014994548076923077 0.5199631454326923 0.028898581730769233 0.060810810096153814
0 0.6431297704326924 0.9444103185096154 0.026172300480769222 0.07923832932692307
0 0.4214830973557693 0.5666461923076923 0.015267175480769236 0.048525798076923095
0 0.2558615048076923 0.24877149879807695 0.00954198557692307 0.024570026442307692
0 0.2344601971153846 0.12745700240384616 0.012540894230769224 0.021498769230769217
0 0.33042530048076924 0.022420147836538458 0.012540894230769189 0.044840295673076916
0 0.5947382764423077 0.16861179326923076 0.011177754807692307 0.04484029326923075
0 0.19424754687499998 0.09459459495192307 0.014449290865384636 0.018427516826923077
0 0.9446564879807693 0.2027027019230769 0.016357687500000013 0.033169533653846145
0 0.9302071971153846 0.22205159735576926 0.023446019230769173 0.031326781250000005
0 0.6645310793269231 0.2960687956730769 0.013904033653846208 0.051597052884615364
0 0.2127862596153846 0.07739557692307691 0.011723009615384621 0.02825552884615384
0 0.9381134134615384 0.2020884519230769 0.029443836538461617 0.03439803365384613
0 0.22314612860576924 0.125 0.008996728365384609 0.020270269230769244
0 0.20583424158653849 0.09305896754807692 0.010359867788461524 0.021498771634615384