0 0.18211559495192306 0.5380835372596154 0.020719737980769228 0.06511056490384615
0 0.46973827644230765 0.8915847668269231 0.041439475961538456 0.10135135096153852
0 0.4153489639423077 0.40724815745192305 0.013904033653846138 0.030712531249999977
0 0.21932933533653848 0.10165847716346153 0.026444930288461545 0.036240786057692306
0 0.25109051201923077 0.27272727283653847 0.028898581730769236 0.019656021634615363
0 0.3835877872596154 0.024570024038461535 0.008178843750000006 0.006142504807692308
0 0.5113140673076924 0.053439804086538464 0.009541985576923036 0.011056512019230764
0 0.6061886586538462 0.045454545673076927 0.006270447115384629 0.011056509615384616
0 0.43784078485576927 0.13267813341346152 0.010359867788461489 0.017199016826923066
0 0.5522082872596153 0.1514127764423077 0.008996728365384609 0.014127764423076906
0 0.6050981466346154 0.07217444711538461 0.008451471153846181 0.010442259615384612
0 0.6089149399038462 0.22235872235576923 0.011723009615384656 0.018427516826923077
0 0.5854689206730769 0.2616707620192308 0.011723009615384656 0.023341524038461552
0 0.7397764459134616 0.8169533161057692 0.04825518028846158 0.12285012259615377
0 0.6087786262019231 0.28071253124999995 0.010359867788461489 0.023341524038461552