0 0.9381134134615384 0.9622235865384615 0.020174480769230767 0.04361179326923083
0 0.4097600865384615 0.14895577403846155 0.02889858173076927 0.03746928846153846
0 0.5685659759615385 0.15632678125000002 0.012268264423076936 0.020270269230769244
0 0.6927480913461539 0.003685503605769231 0.010905125000000054 0.007371007211538462
0 0.8047982548076923 0.1569410324519231 0.015812432692307664 0.025184276442307703
0 0.8876772079326922 0.21590909134615385 0.018538713942307713 0.02518427403846154
0 0.9135768822115385 0.3402948401442308 0.012540894230769258 0.034398036057692316
0 0.7190567067307693 0.32555282572115385 0.013904033653846208 0.029484031250000056
0 0.9332061069711538 0.33814496274038464 0.018538713942307713 0.03255528125000003
0 0.5072246454326923 0.7822481574519231 0.042802617788461554 0.08415233413461547
0 0.49263904086538457 0.7417076165865384 0.012540894230769258 0.025184276442307654