0 0.49986368509615386 0.07033169471153847 0.013358778846153859 0.07309582211538462
0 0.6913849507211539 0.7555282548076924 0.019083968749999923 0.024570024038461577
0 0.3142039266826923 0.7355651105769231 0.0035441658653846495 0.009213759615384594
0 0.47818975 0.5362407860576923 0.023446019230769242 0.07493857692307689
0 0.9552889855769231 0.026412776442307693 0.03380588942307702 0.052825552884615386
0 0.35932388221153844 0.5620393112980769 0.02617230288461537 0.041769040865384625
0 0.4663304254807692 0.5687960697115385 0.04280261538461541 0.05282555288461536
0 0.3428298798076923 0.516277641826923 0.00572519230769228 0.009213759615384594
0 0.34501090504807697 0.46468059014423074 0.013904036057692287 0.027641276442307704
0 0.37568156971153843 0.53101965625 0.021264995192307692 0.048525798076923095
0 0.3576881129807692 0.4818796057692307 0.01472191826923074 0.08660933653846153
0 0.37241003245192306 0.4898648641826923 0.020719737980769263 0.03132678125000004