0 0.7986979170673076 0.17569444471153844 0.013020834134615291 0.020833331730769247
0 0.8645833329326924 0.010879629807692307 0.03177083413461532 0.021759259615384614
0 0.6033854170673076 0.02569444471153846 0.010416665865384641 0.017129629807692306
0 0.28046875 0.25115740745192305 0.010416668269230787 0.017129627403846142
0 0.6154947920673077 0.021990740384615386 0.015364584134615415 0.01712962980769231
0 0.5406249999999999 0.5837962956730769 0.017187500000000015 0.022222221153846193
0 0.8083333329326924 0.8034722223557692 0.02291666586538468 0.03194444471153842
0 0.8522135420673076 0.586342592548077 0.011197915865384682 0.024537036057692283
0 0.9815104158653847 0.3979166658653846 0.018749999999999892 0.02824074038461542
0 0.8670572920673076 0.6094907403846155 0.007552084134615346 0.0245370384615385
0 0.7572916658653847 0.8328703701923076 0.015625 0.034259259615384716