0 0.5073609591346154 0.7245085985576923 0.010359870192307706 0.009213759615384731
0 0.4431570336538461 0.702088451923077 0.011723009615384587 0.03562653365384609
0 0.3480098149038462 0.015356265625 0.004634677884615425 0.03071253125
0 0.4077153762019231 0.06511056490384616 0.014994545673076915 0.01597051442307693
0 0.3463740456730769 0.049754299278846156 0.006815701923076909 0.04054054086538461
0 0.41943838581730775 0.4373464375000001 0.012268266826923084 0.023341524038461518
0 0.1648037079326923 0.35749385817307694 0.019356598557692315 0.028255528846153847
0 0.11927480889423078 0.2199017199519231 0.009541983173076921 0.023341521634615406
0 0.24659214903846155 0.06818181850961538 0.006270447115384629 0.018427516826923077
0 0.22041984735576925 0.20669533173076923 0.008996728365384642 0.009213759615384594
0 0.2925299891826923 0.15694103125 0.00981461298076921 0.009213759615384612
0 0.10618865865384615 0.05497542908653847 0.019356596153846148 0.01658476682692308
0 0.32211014182692305 0.1655405408653846 0.011177754807692307 0.014127764423076923
0 0.7161941105769232 0.7991400492788461 0.03435114423076923 0.09336609375000006