0 0.11245910576923078 0.860872235576923 0.06079607211538461 0.07309582211538454
0 0.09337513581730769 0.4026412776442307 0.044983641826923076 0.07186731971153847
0 0.25517993389423077 0.07739557692307691 0.013631406249999999 0.018427519230769223
0 0.4208015264423076 0.009213758413461538 0.008451471153846181 0.01228501201923077
0 0.36695746995192313 0.16001228485576924 0.010905127403846134 0.012899262019230785
0 0.4480643401442308 0.3574938569711538 0.014449290865384636 0.022113021634615447
0 0.52440021875 0.036240786057692306 0.014994548076923131 0.017199019230769226
0 0.5451199567307692 0.16461916466346155 0.012268264423076868 0.022113021634615378
0 0.675163576923077 0.5666461911057692 0.013358778846153859 0.036240786057692306
0 0.6120501634615384 0.34121621634615384 0.010905124999999917 0.020270269230769244
0 0.6598964002403847 0.11640049158653848 0.008996728365384609 0.012899262019230768
0 0.696837514423077 0.4594594591346154 0.017993456730769217 0.02948402884615384
0 0.7407306430288461 0.8964987716346153 0.018538713942307713 0.03255528365384618
0 0.7099236646634615 0.593058967548077 0.015267175480769305 0.03624078605769237
0 0.6634405673076922 0.15601965504807694 0.007360961538461552 0.007371007211538477