0 0.006815703124999999 0.5300982800480769 0.013631406249999999 0.0282555264423077
0 0.5854689206730769 0.5580466826923077 0.011723009615384656 0.009213759615384664
0 0.5174481995192308 0.5362407860576923 0.012540894230769258 0.0343980336538461
0 0.4916848413461538 0.3320024567307692 0.011723009615384587 0.020270269230769244
0 0.47996183293269234 0.07125307091346154 0.014449290865384636 0.01597051682692307
0 0.24659214903846155 0.12899262860576924 0.013358778846153859 0.012285012019230771
0 0.34501090504807697 0.10780098317307692 0.004089420673076929 0.014127764423076923
0 0.25136314062500004 0.2245085997596154 0.007633588942307692 0.02027027163461539
0 0.0543893125 0.25890663341346154 0.0166303173076923 0.02641277644230768
0 0.4280261718750001 0.04484029447115385 0.004907305288461531 0.03439803605769231
0 0.42611777524038463 0.07678132692307692 0.007633588942307658 0.02948402884615384
0 0.32320065384615393 0.202702703125 0.006270447115384629 0.00737100721153846
0 0.38045256250000004 0.15755528245192307 0.007360961538461552 0.007985257211538456
0 0.27998909375 0.3055896814903846 0.012540894230769224 0.026412776442307714
0 0.40430752524038466 0.15909090865384615 0.008178843750000006 0.0049140048076922955
0 0.8608233377403847 0.6498771490384615 0.050436204326923 0.10565110576923072