0 0.5703380588942307 0.7733415228365386 0.013086151442307684 0.10442260336538471
0 0.22110141706730768 0.3387592127403846 0.0310796081730769 0.03132678125000004
0 0.5854689194711539 0.7711916466346154 0.016085060096153906 0.053439802884615355
0 0.059296618990384624 0.3006756754807692 0.019356598557692305 0.02027026923076921
0 0.6089149399038462 0.8307739555288461 0.0684296634615385 0.1259213774038461
0 0.27794438341346156 0.22604422596153848 0.013904036057692321 0.045454543269230784
0 0.07101962860576923 0.16461916466346155 0.019356598557692305 0.012285012019230789
0 0.0988276983173077 0.09152334254807694 0.014449290865384618 0.012285012019230771
0 0.1540348966346154 0.04023341586538461 0.010359870192307672 0.009213759615384612
0 0.2955288990384615 0.05558968149038461 0.010359870192307706 0.03132678125
0 0.17134678245192306 0.13974201442307693 0.00736095913461537 0.019041769230769237
0 0.2238276995192308 0.08753071274038461 0.0158124326923077 0.02027027163461539
0 0.23964013100961537 0.06511056490384616 0.02017448317307695 0.022113024038461545