0 0.9510416670673076 0.21087962980769231 0.0177083341346154 0.01990740865384618
0 0.8194010408653847 0.37361111057692303 0.044531249999999946 0.07314814903846155
0 0.9915364579326924 0.7983796286057692 0.013802084134615401 0.04768518509615387
0 0.8459635408653846 0.7891203701923076 0.028906249999999946 0.04861111057692305
0 0.40299479206730765 0.8773148149038461 0.015885415865384587 0.026851850961538578
0 0.9919270829326924 0.21759259254807692 0.013020834134615428 0.03518518509615383
0 0.2115885420673077 0.6516203701923077 0.024739584134615394 0.032870370192307735
0 0.3602864591346154 0.5409722211538461 0.01171875 0.01712962980769229
0 0.5002604170673077 0.4333333329326923 0.017708334134615332 0.019444444711538517
0 0.4294270829326923 0.3960648149038462 0.01666666586538456 0.025462961538461528
0 0.49335937500000004 0.49884259254807695 0.020572918269230776 0.028240742788461566
0 0.1188802079326923 0.24074074158653844 0.009635415865384616 0.030555555288461544
0 0.01940104206730769 0.6601851850961539 0.015885415865384615 0.03796296153846157
0 0.6593749999999999 0.8900462968749999 0.014583331730769226 0.025462963942307744
0 0.07044270913461538 0.9724537031249999 0.01953125 0.02083333413461543
0 0.0559895829326923 0.21481481490384619 0.00833333413461538 0.025925927884615375
0 0.5013020841346154 0.9949074074519231 0.017187500000000015 0.008333334134615455