0 0.43906249999999997 0.08680555528846154 0.00833333173076924 0.04027777884615385
0 0.6596354170673078 0.5958333329326924 0.0041666658653845175 0.007407406249999992
0 0.6820312500000001 0.6668981490384615 0.008854168269230774 0.012499999999999973
0 0.2032552091346154 0.07199074038461539 0.016406250000000008 0.04027777884615385
0 0.8174479170673077 0.9523148149038462 0.013020834134615291 0.01851851923076927
0 0.764453125 0.6423611117788462 0.015885418269230803 0.03657407451923074
0 0.7091145829326924 0.6560185180288461 0.004166665865384654 0.007407406249999992
0 0.9619791658653847 0.6289351850961538 0.0234375 0.03194444230769227
0 0.9197916658653846 0.5831018521634616 0.004687499999999973 0.008796295673076902
0 0.9216145829326923 0.6099537031250001 0.004166665865384654 0.013425925480769289
0 0.8050781250000001 0.19027777764423076 0.010156249999999919 0.019444444711538483
0 0.8682291670673077 0.22268518509615381 0.010416665865384709 0.023148149038461553