0 0.049618320913461536 0.4330466838942308 0.03871319471153846 0.08845208894230773
0 0.9656488557692308 0.9554668305288462 0.03380588942307702 0.08906633894230773
0 0.4651035985576923 0.30988943509615385 0.026172302884615438 0.020270269230769244
0 0.48800436177884615 0.141277640625 0.010359867788461558 0.015970516826923093
0 0.29621046995192307 0.08015970552884616 0.02699018509615386 0.026412776442307686
0 0.6288167944711538 0.2122235877403846 0.014449290865384566 0.03255528125
0 0.45215376201923074 0.04944717427884616 0.011723009615384587 0.015356266826923072
0 0.47491821153846153 0.02610565144230769 0.00763358653846151 0.009213759615384617
0 0.6720283533653847 0.009213758413461538 0.008178846153846155 0.01228501201923077
0 0.7583151586538462 0.035626534855769235 0.01390403365384607 0.01597051682692308
0 0.9056706646634615 0.06879606850961538 0.01744819951923072 0.035626536057692296