0 0.3387404579326923 0.5448402944711538 0.014994545673076915 0.054054055288461564
0 0.5778353329326923 0.657555282451923 0.019901853365384595 0.07432432451923081
0 0.994683751201923 0.5706388209134615 0.008996728365384609 0.030712531249999977
0 0.8874045805288462 0.31787469230769233 0.037077425480769276 0.048525798076923095
0 0.9888222463942308 0.09766584855769231 0.013631406249999966 0.028255528846153847
0 0.02889858293269231 0.3200245697115385 0.015267175480769233 0.018427519230769258
0 0.12268265985576923 0.41339066346153847 0.015267175480769236 0.024570024038461577
0 0.07688113461538461 0.30988943509615385 0.010359870192307698 0.03255528365384618
0 0.03135223557692308 0.3028255528846154 0.004907307692307692 0.006142504807692321
0 0.4482006538461538 0.02395577403846154 0.010359870192307706 0.04791154807692308
0 0.03912213701923077 0.30681818149038464 0.006815701923076926 0.026412776442307714
0 0.16071428605769228 0.11179361177884614 0.027535442307692302 0.06265356490384615
0 0.06502181129807692 0.3249385757211538 0.01444929086538461 0.022113021634615378
0 0.5275354423076923 0.07923832932692307 0.015812432692307664 0.04668304807692309
0 0.04130316225961539 0.28501228485576924 0.013904036057692313 0.029484031249999987
0 0.04580152644230769 0.29207616706730766 0.010359870192307689 0.01904176682692307