0 0.07851690384615385 0.08753071274038461 0.0070883317307692305 0.02027027163461539
0 0.24413849519230768 0.12407862379807694 0.013904033653846173 0.006142507211538451
0 0.28721374158653845 0.11117936177884614 0.008996728365384642 0.011056512019230781
0 0.39326608533653845 0.07432432451923077 0.005725189903846201 0.006142504807692304
0 0.3090239915865384 0.07739557692307691 0.005725189903846167 0.018427519230769223
0 0.1862050168269231 0.09398034495192308 0.0070883317307692305 0.00737100721153846
0 0.3252453653846154 0.16154791105769234 0.007633586538461579 0.009828009615384624
0 0.41603053485576924 0.1421990168269231 0.008178843750000006 0.014127764423076923
0 0.32006543149038463 0.09705159735576922 0.008178843750000006 0.017199016826923066
0 0.33015267187499997 0.0737100733173077 0.004907305288461531 0.017199016826923076
0 0.4543347884615384 0.08783783774038462 0.006270447115384629 0.011056512019230764
0 0.4128953100961539 0.07739557692307691 0.006270447115384629 0.006142504807692312
0 0.3401035985576923 0.0829238329326923 0.006815701923076977 0.011056512019230781
0 0.422573609375 0.07678132572115384 0.005997819711538523 0.00737100721153846