0 0.39490185336538464 0.18488943509615385 0.011723009615384587 0.13636363461538462
0 0.5070883317307693 0.27272727283653847 0.02617230288461537 0.033169531249999995
0 0.010223555288461538 0.18028255528846154 0.020447110576923076 0.02764127884615382
0 0.003680479567307692 0.7205159699519231 0.007360959134615384 0.06388206490384608
0 0.16412213701923078 0.7113022115384615 0.01799345673076925 0.027027028846153857
0 0.13958560576923076 0.6808968052884615 0.004907307692307696 0.009213759615384594
0 0.2955288990384615 0.5451474194711537 0.015812432692307664 0.026412776442307714
0 0.3482824423076923 0.5890663389423076 0.016630317307692336 0.028255528846153847
0 0.39980916105769226 0.08046683052884615 0.006270447115384629 0.04668304567307692
0 0.40021810216346154 0.10933660817307692 0.008178843750000006 0.05773955769230769
0 0.22110141706730768 0.23617936177884616 0.013086151442307684 0.04975430048076923