0 0.36848958293269235 0.30532407451923077 0.015104165865384612 0.04212962980769234
0 0.42122395913461536 0.6078703701923077 0.01171875 0.01851851923076927
0 0.584375 0.9539351850961538 0.0234375 0.03564814903846156
0 0.8283854170673077 0.9858796298076923 0.027083334134615347 0.02824074038461542
0 0.6305989579326924 0.6972222223557692 0.011197915865384682 0.018518516826923122
0 0.5640624999999999 0.28888888822115383 0.02291666826923076 0.025925925480769225
0 0.7535156249999999 0.513888889423077 0.015364581730769334 0.02685185096153851
0 0.2858072920673077 0.3277777776442307 0.009114584134615394 0.01111111298076921
0 0.3141927079326923 0.3171296298076923 0.003385415865384613 0.007407408653846139
0 0.9621093749999999 0.8254629627403846 0.024218749999999973 0.02685185336538459
0 0.9528645829326923 0.11921296394230768 0.009895834134615401 0.017129629807692306
0 0.84765625 0.07430555528846153 0.016666668269230637 0.020833331730769237
0 0.7768229158653845 0.03449074038461538 0.01718750000000008 0.02453703846153846
0 0.8438802079326924 0.13356481490384614 0.0174479158653846 0.028240740384615368
0 0.5174479170673076 0.7631944447115384 0.014583334134615374 0.023611110576922965
0 0.7111979170673076 0.18078703725961537 0.010416665865384572 0.01990740625