0 0.03544165745192308 0.361179360576923 0.015812430288461538 0.029484028846153906
0 0.2359596514423077 0.3031326778846154 0.006815701923076909 0.019041769230769254
0 0.26553980288461543 0.374078623798077 0.012540894230769224 0.02334152163461537
0 0.22941657572115387 0.21038083533653845 0.01172301201923077 0.014127762019230775
0 0.5678844050480769 0.5675675685096154 0.013631406249999966 0.01228501201923072
0 0.8304253004807691 0.6133292379807692 0.0517993461538461 0.09766584615384612
0 0.501363140625 0.5571253064903845 0.013086151442307684 0.03562653605769231
0 0.40676117788461535 0.10718673197115385 0.004907307692307679 0.03746928605769229
0 0.4581515805288461 0.12899262860576924 0.012268266826923084 0.012285012019230771
0 0.47396401322115383 0.37070024519230765 0.01117775240384616 0.020270269230769244
0 0.32660850600961544 0.17936117908653845 0.0032715360576923277 0.011056512019230764
0 0.30670665264423075 0.2696560204326923 0.007633588942307692 0.00737100721153846
0 0.43061613942307697 0.2579852572115385 0.004089423076923077 0.018427519230769223
0 0.36245910576923074 0.22082309615384615 0.006270447115384629 0.009213759615384594
0 0.3856324975961538 0.21836609375 0.006815701923076977 0.0042997548076923
0 0.4056706658653847 0.14035626562499998 0.005452562500000027 0.026412776442307696