0 0.5144492908653846 0.9809582307692307 0.015812432692307664 0.0343980336538461
0 0.4897764447115385 0.5715601959134615 0.013904033653846138 0.026412776442307714
0 0.41398582331730766 0.016277641826923078 0.0068157043269231245 0.032555283653846155
0 0.48432388221153844 0.027027027644230768 0.017720826923076964 0.017199016826923076
0 0.35155397956730766 0.14588452163461538 0.008996728365384609 0.009213759615384612
0 0.275899671875 0.20976658533653847 0.009814612980769244 0.012899262019230785
0 0.3065703389423077 0.031019655048076928 0.006270447115384629 0.021498771634615388
0 0.17966194110576922 0.2229729735576923 0.010359867788461558 0.02948402884615387
0 0.3842693569711538 0.16308353846153847 0.012268266826923084 0.015356264423076915
0 0.1744820060096154 0.01996314423076923 0.019083968749999992 0.01904176923076923
0 0.4398854951923077 0.30313267908653846 0.006270447115384629 0.021498771634615384
0 0.21619411177884615 0.40479115504807694 0.020174483173076914 0.03562653605769231