0 0.09432933413461539 0.203624078125 0.023446019230769242 0.021498771634615384
0 0.19424754567307695 0.10534398076923077 0.011723009615384621 0.015356264423076915
0 0.30139040384615384 0.045454545673076927 0.004089423076923077 0.023341524038461535
0 0.28121592067307694 0.07893120432692308 0.011723009615384621 0.00921375961538462
0 0.22110141826923077 0.21130221153846154 0.028353326923076922 0.022113024038461528
0 0.3065703377403846 0.04791154807692308 0.003544165865384581 0.022113024038461535
0 0.3491003269230769 0.05190417668269231 0.009541985576923036 0.010442262019230767
0 0.31079607451923075 0.10780098317307692 0.010359870192307706 0.00798525961538462
0 0.31393129807692305 0.06511056490384616 0.024809158653846194 0.006142504807692304
0 0.32974372956730763 0.22205159735576924 0.016630314903846186 0.021498771634615384
0 0.3443293341346153 0.08138820673076924 0.005452562500000027 0.00798525961538462
0 0.5663849507211538 0.08845208774038463 0.004089420673076929 0.015970516826923076
0 0.35836968269230773 0.07678132692307692 0.006270447115384629 0.004914004807692303
0 0.34214830889423076 0.09152334134615384 0.004362050480769251 0.009828009615384624
0 0.38331515865384613 0.10319410336538462 0.010359870192307706 0.011056509615384616
0 0.40907851682692314 0.06664619110576922 0.0013631394230768817 0.0067567572115384555
0 0.3725463473557692 0.1615479110576923 0.01117775240384616 0.01842751923076924
0 0.580016358173077 0.078316953125 0.011723009615384587 0.010442262019230767
0 0.5036804795673077 0.17782555288461535 0.01117775240384616 0.01044225961538462
0 0.4957742644230769 0.08138820673076924 0.006270447115384629 0.00798525961538462
0 0.4556979278846154 0.0730958233173077 0.006270447115384629 0.006142507211538468
0 0.4839149399038461 0.17014742067307692 0.013086149038461538 0.013513514423076928
0 0.5318974927884615 0.06572481610576923 0.012540894230769189 0.011056512019230772