0 0.9964558341346154 0.6944103197115384 0.005452562499999958 0.03255528365384618
0 0.45092693509615384 0.031019656250000003 0.03380588942307695 0.062039312500000006
0 0.7033805889423076 0.007678132211538462 0.013086149038461468 0.015356264423076924
0 0.687568157451923 0.17721130168269228 0.010359867788461558 0.02518427644230769
0 0.6934296622596154 0.22911547836538462 0.006815704326923056 0.023341524038461518
0 0.8608233365384615 0.8301597055288461 0.018811341346153816 0.03746928605769229
0 0.4160305336538462 0.3792997536057693 0.012540894230769258 0.055896805288461554
0 0.38535986899038466 0.4183046682692308 0.014449290865384636 0.05282555288461536
0 0.8407851682692307 0.390049140625 0.015812432692307664 0.030712531250000046
0 0.6934296622596154 0.17137592067307691 0.00845147355769226 0.023341524038461518
0 0.44888222475961537 0.4020270264423077 0.10278080528846158 0.17874692788461538
0 0.6237731730769231 0.8381449627403845 0.030534350961538406 0.08415233413461533