0 0.6785714278846153 0.9428746935096155 0.03380588942307688 0.0884520889423078
0 0.7465921478365385 0.4017199014423077 0.00845147355769226 0.023341524038461518
0 0.5139040348557692 0.4748157259615385 0.09105779567307692 0.11056511057692305
0 0.4653762271634615 0.4579238329326923 0.010359867788461558 0.05466830528846156
0 0.5278080697115384 0.20730958173076924 0.023446019230769242 0.04238329326923077
0 0.8493729555288461 0.7367936117788462 0.004089420673076998 0.009213757211538446
0 0.9291166850961539 0.5970515973557693 0.021264995192307623 0.030712531250000046
0 0.7389585600961539 0.3574938569711538 0.011177754807692307 0.022113021634615447
0 0.751363141826923 0.2238943497596154 0.012540894230769258 0.021498771634615384
0 0.7442748088942307 0.3544226045673077 0.010359867788461558 0.01842751682692311
0 0.8619138497596155 0.04791154807692308 0.019356598557692315 0.030712528846153848
0 0.7938931298076923 0.17106879567307692 0.013086149038461605 0.015356264423076915
0 0.8321973834134615 0.12346437379807693 0.012268266826923014 0.017199016826923083
0 0.8988549615384616 0.08753071274038461 0.015812432692307664 0.026412776442307686
0 0.9501090516826924 0.24170761658653847 0.008178843750000006 0.02027027163461539
0 0.9642857139423078 0.25245700240384616 0.018538711538461563 0.03562653365384616