0 0.0868489579326923 0.580092592548077 0.0075520841346153975 0.019444444711538448
0 0.1328125 0.9138888894230769 0.014583331730769226 0.02685185096153844
0 0.38997395913461536 0.9254629627403846 0.01171875 0.025925925480769125
0 0.5768229158653846 0.8233796298076924 0.028125000000000042 0.05138888942307687
0 0.7337239591346153 0.8400462968750001 0.01796874999999992 0.04768518509615373
0 0.7704427091346153 0.46087962980769237 0.016406250000000108 0.0245370384615385
0 0.7332031250000001 0.24606481490384619 0.022135418269230718 0.03935185096153845
0 0.6871093749999999 0.24189814783653846 0.018489581730769224 0.020833334134615394
0 0.21966145913461538 0.5347222223557693 0.016406250000000008 0.02685185336538459
0 0.5479166670673077 0.4101851850961538 0.04270833413461535 0.06759259134615384
0 0.22890624999999998 0.46898148076923074 0.018749999999999992 0.01851851923076927
0 0.157421875 0.42962962980769237 0.01953125 0.02592592788461534