0 0.28648915264423075 0.9904605264423076 0.02613412259615386 0.016447370192307693
0 0.4437869831730769 0.9526315793269231 0.014792899038461508 0.017763158653846034
0 0.32642998076923074 0.8144736838942307 0.018737673076923072 0.01973684375000003
0 0.09109960576923076 0.921875 0.014053254807692305 0.010855264423077014
0 0.12882149879807692 0.8713815793269231 0.01553254567307691 0.011184211538461497
0 0.6033037475961538 0.8274671057692308 0.014792899038461508 0.01743421153846155
0 0.5004930961538462 0.7786184206730768 0.008382644230769287 0.00789473557692315
0 0.441568046875 0.7008223677884615 0.012327415865384567 0.012171052884615353
0 0.31533530528846154 0.7156250000000001 0.009861932692307694 0.008881576923076869
0 0.6107001971153847 0.6764802632211537 0.019723865384615322 0.02072368509615389
0 0.33703155889423075 0.5184210528846154 0.02218934855769233 0.016447370192307693
0 0.4181459567307692 0.36480263100961535 0.023175543269230728 0.014473685096153833
0 0.46634615384615385 0.5804276310096154 0.009122288461538456 0.008881579326923085
0 0.5531311634615385 0.5559210516826922 0.00813609615384614 0.009868420673076942
0 0.551898421875 0.6074013161057692 0.01060157932692308 0.016776314903846234
0 0.4515532548076923 0.5190789471153846 0.01898422115384615 0.013157894230769279
0 0.46499013822115387 0.47631578966346155 0.019723867788461538 0.013157896634615359
0 0.3943540432692308 0.34769736778846155 0.006656802884615436 0.013157894230769279
0 0.27736686298076924 0.6754934206730769 0.009861932692307694 0.012171052884615353
0 0.304610453125 0.6402960528846153 0.011587771634615397 0.014144735576923204
0 0.37623274158653847 0.4629934206730769 0.014792901442307656 0.01743421153846155
0 0.3116370805288462 0.47730263221153846 0.012327415865384635 0.013157894230769211
0 0.3195266274038461 0.46792763221153844 0.009861932692307694 0.012171052884615353
0 0.5675542403846154 0.49161184254807694 0.015779091346153826 0.01085526201923073
0 0.32556706129807694 0.6424342103365385 0.020463512019230776 0.016447367788461547
0 0.2403846153846154 0.3509868413461538 0.014792899038461508 0.006578947115384674