0 0.07162228725961538 0.7523026322115385 0.021449704326923082 0.01842105288461541
0 0.24334319591346157 0.7819078942307692 0.022189348557692296 0.029605264423076906
0 0.8885601586538462 0.02565789423076923 0.018737673076923072 0.01842105288461538
0 0.991863905048077 0.29292763221153845 0.01134122355769225 0.01743421153846155
0 0.8803007884615385 0.26496710576923077 0.020463509615384696 0.025328947115384633
0 0.9424309663461539 0.3521381586538462 0.034763312500000046 0.04374999999999997
0 0.4938362920673077 0.3192434206730769 0.029585800480769232 0.030592105769230764
0 0.5086291911057692 0.49654605288461534 0.02465483413461542 0.027302629807692345
0 0.6099605528846154 0.5026315793269232 0.014792899038461576 0.026315788461538488
0 0.6309171598557692 0.33799342187500003 0.01725838221153845 0.015460526442307691
0 0.6041666670673076 0.25444078966346156 0.013067060096153806 0.017434209134615405
0 0.575813609375 0.2550986850961538 0.01060157932692308 0.012171052884615388
0 0.5962771201923077 0.717105263221154 0.009122288461538525 0.016447367788461547
0 0.4436637079326923 0.685855263221154 0.017998026442307687 0.015131579326923071
0 0.34615384615384615 0.6875 0.018737673076923072 0.016447370192307558
0 0.38695759375 0.5388157896634616 0.013067062500000021 0.015131579326923071
0 0.12191814543269232 0.6200657896634615 0.011587771634615381 0.013157896634615427
0 0.10539940865384614 0.42631578966346156 0.01799802884615385 0.014473685096153903
0 0.21572978245192306 0.5305921045673077 0.011341223557692319 0.014473685096153833
0 0.2889546358173077 0.36200657812500003 0.011341223557692319 0.015460526442307691
0 0.2967209074519231 0.3363486838942308 0.01060157932692308 0.014144737980769215
0 0.2029092704326923 0.38075657932692314 0.007396449519230754 0.010855264423076947
0 0.25443787019230774 0.3231907884615384 0.014792899038461541 0.012171052884615422
0 0.07901873798076925 0.2631578942307692 0.008136096153846157 0.013157894230769244
0 0.045364891826923076 0.2539473689903846 0.009861932692307694 0.014473685096153833
0 0.3634122283653846 0.3570723677884615 0.010848125000000012 0.012171052884615353