0 0.611375 0.48999999999999994 0.04775000000000001 0.04266666826923078
0 0.5083749999999999 0.38949999999999996 0.029750000000000013 0.02633333173076924
0 0.46475000000000005 0.33633333293269235 0.02799999999999999 0.016666665865384626
0 0.235125 0.2985 0.08724999999999998 0.10099999999999998
0 0.16599999999999998 0.28900000000000003 0.031500000000000014 0.009999999999999992
0 0.281625 0.20733333413461535 0.023750000000000025 0.022000000000000002
0 0.21987500000000001 0.16 0.02374999999999999 0.008666668269230767
0 0.463125 0.2945 0.018249999999999964 0.020999999999999977
0 0.579875 0.1946666670673077 0.01975000000000002 0.023333334134615375
0 0.382875 0.18149999999999997 0.013749999999999997 0.02100000000000001
0 0.112875 0.17049999999999998 0.01575 0.014333331730769228
0 0.152 0.24400000000000002 0.13649999999999998 0.14600000000000005