0 0.335125 0.1776666670673077 0.02374999999999999 0.03266666586538461
0 0.471375 0.484 0.03774999999999995 0.02866666826923075
0 0.831875 0.8473333329326922 0.0527499999999999 0.05933333413461534
0 0.801 0.2913333329326923 0.056999999999999974 0.049333334134615346
0 0.941375 0.29833333293269226 0.11525000000000005 0.20866666586538463
0 0.1245 0.4905 0.030500000000000006 0.021666668269230735
0 0.9730000000000001 0.519 0.030500000000000107 0.019999999999999983
0 0.9778749999999999 0.44883333293269234 0.02374999999999999 0.026333334134615385
0 0.8948750000000001 0.3621666670673077 0.05025000000000013 0.01766666586538462
0 0.5515 0.20566666706730768 0.01400000000000003 0.025333334134615394
0 0.547125 0.17383333293269232 0.02624999999999997 0.016333334134615393
0 0.5755 0.029500000000000002 0.04349999999999994 0.059000000000000004
0 0.78125 0.22533333293269228 0.04999999999999989 0.08466666586538461
0 0.7647499999999999 0.1695 0.02049999999999991 0.03633333173076923
0 0.8528749999999999 0.0793333341346154 0.15074999999999997 0.10200000000000001
0 0.764 0.0365 0.03049999999999997 0.02966666826923077
0 0.7388750000000001 0.056333332932692305 0.01975000000000002 0.01666666586538462
0 0.6261249999999999 0.07733333293269232 0.02124999999999994 0.01866666586538462
0 0.638 0.04816666706730769 0.03200000000000003 0.04833333413461539
0 0.5795 0.07733333293269232 0.05850000000000003 0.04066666586538462
0 0.745 0.07116666706730769 0.02050000000000005 0.01966666586538461
0 0.645875 0.5783333341346154 0.02124999999999994 0.021999999999999967
0 0.6523749999999999 0.04333333413461538 0.06924999999999998 0.056
0 0.45199999999999996 0.732 0.01250000000000004 0.017333331730769102
0 0.46524999999999994 0.7648333329326923 0.009 0.019666665865384604
0 0.1405 0.8758333329326923 0.021500000000000005 0.0463333341346153
0 0.6951250000000001 0.1348333329326923 0.03125 0.026333334134615385
0 0.713 0.13099999999999998 0.06499999999999992 0.06066666826923076
0 0.6952499999999999 0.08433333413461538 0.02800000000000006 0.041999999999999996
0 0.7626249999999999 0.06849999999999999 0.03624999999999996 0.02966666826923076
0 0.78325 0.0656666670673077 0.026500000000000003 0.015333334134615385
0 0.816625 0.05533333293269231 0.028750000000000088 0.040666665865384616
0 0.7890000000000001 0.109 0.0445 0.054
0 0.75525 0.1326666670673077 0.03800000000000012 0.015333334134615385
0 0.7421250000000001 0.125 0.07224999999999995 0.12066666826923078