0 0.296125 0.5958333329326924 0.024750000000000015 0.01766666586538462
0 0.389125 0.22533333413461537 0.013250000000000001 0.031999999999999994
0 0.44987499999999997 0.3495 0.026250000000000037 0.02299999999999996
0 0.515375 0.4158333329326923 0.01725000000000004 0.043666665865384625
0 0.566875 0.32583333293269234 0.01825000000000003 0.019666665865384673
0 0.576375 0.3763333341346154 0.15224999999999997 0.09199999999999998
0 0.6915 0.2946666670673077 0.023999999999999952 0.025333334134615394
0 0.6577500000000001 0.2463333341346154 0.02550000000000001 0.08
0 0.6755 0.5948333329326924 0.01149999999999998 0.019666665865384604
0 0.534375 0.5821666670673077 0.04025 0.03166666586538465
0 0.5548749999999999 0.6503333341346154 0.04025 0.034000000000000016