0 0.064 0.23966666706730771 0.074 0.0426666658653846
0 0.05375 0.34450000000000003 0.1075 0.10566666826923081
0 0.115 0.17383333413461538 0.018000000000000016 0.020999999999999977
0 0.21737499999999998 0.0821666670673077 0.027249999999999996 0.026333334134615385
0 0.20387500000000003 0.1683333341346154 0.018249999999999995 0.013999999999999995
0 0.251625 0.1393333329326923 0.013250000000000001 0.015333334134615385
0 0.3755 0.1375 0.03850000000000005 0.038333331730769235
0 0.37387499999999996 0.049166665865384616 0.03525000000000004 0.034999999999999996
0 0.5845 0.3155 0.03700000000000006 0.045
0 0.613375 0.07883333293269232 0.022249999999999933 0.041666665865384624
0 0.956125 0.3648333341346154 0.021250000000000078 0.025000000000000015
0 0.7979999999999999 0.3543333329326923 0.016499999999999942 0.015333334134615403
0 0.46387500000000004 0.41633333413461543 0.013250000000000001 0.05599999999999998
0 0.459375 0.294 0.01225000000000001 0.019999999999999983
0 0.380875 0.687 0.02475000000000005 0.0659999999999999
0 0.62975 0.46583333293269236 0.08650000000000002 0.09566666586538464