0 0.464 0.389 0.029499999999999978 0.02066666826923081
0 0.554875 0.372 0.02374999999999999 0.015333331730769185
0 0.872625 0.3658333329326923 0.02725000000000003 0.016333334134615393
0 0.909625 0.776 0.00724999999999991 0.008666668269230836
0 0.2515 0.32416666706730773 0.011500000000000014 0.012333334134615357
0 0.62525 0.26983333413461535 0.02299999999999996 0.031000000000000003
0 0.620625 0.41483333413461543 0.03374999999999998 0.034999999999999934
0 0.6634999999999999 0.2823333341346154 0.03850000000000005 0.056000000000000015
0 0.63725 0.31983333293269234 0.02400000000000009 0.012333334134615424
0 0.63975 0.37149999999999994 0.018999999999999993 0.016333331730769177
0 0.6519999999999999 0.3631666670673077 0.02049999999999991 0.026333334134615385