0 0.5125 0.005333332932692308 0.05449999999999999 0.010666665865384615
0 0.30725 0.9745 0.030500000000000006 0.04833333173076927
0 0.6207499999999999 0.4653333329326923 0.03850000000000005 0.030666665865384655
0 0.51175 0.3631666670673077 0.0445 0.04633333413461537
0 0.677875 0.2803333341346154 0.026250000000000037 0.056000000000000015
0 0.724875 0.34500000000000003 0.04925 0.054
0 0.5845 0.5278333341346154 0.025499999999999943 0.031000000000000034
0 0.477125 0.48766666706730766 0.03125 0.02733333413461538
0 0.6980000000000002 0.26 0.02550000000000001 0.03733333173076922
0 0.505875 0.42033333293269237 0.05775 0.06133333413461539
0 0.7261249999999999 0.25166666706730767 0.03375000000000005 0.0426666658653846
0 0.73475 0.30216666586538465 0.0410000000000001 0.044999999999999964
0 0.486625 0.5228333329326923 0.03374999999999998 0.03166666586538458
0 0.5471250000000001 0.5821666658653846 0.03125 0.025000000000000015