0 0.861875 0.09583333413461538 0.058250000000000066 0.022999999999999996
0 0.9265 0.2803333329326923 0.02799999999999992 0.02066666586538463
0 0.8615 0.1228333329326923 0.05100000000000002 0.02833333413461537
0 0.40850000000000003 0.1946666670673077 0.02550000000000001 0.01866666586538461
0 0.766 0.3155 0.026500000000000003 0.029666668269230777
0 0.6487499999999999 0.1836666670673077 0.03699999999999999 0.020666665865384595
0 0.44212499999999993 0.7243333329326922 0.04025 0.052666665865384626
0 0.424875 0.6711666670673077 0.038750000000000014 0.053666665865384613
0 0.74875 0.19799999999999998 0.02150000000000004 0.058
0 0.5507500000000001 0.7221666670673077 0.03849999999999998 0.028333334134615303
0 0.81175 0.48016666706730765 0.03699999999999999 0.029666665865384596
0 0.7100000000000001 0.16166666706730767 0.02299999999999996 0.01866666586538461
0 0.98 0.3461666670673077 0.01149999999999998 0.014333334134615409
0 0.7721250000000001 0.384 0.02374999999999999 0.01333333173076927
0 0.9614999999999999 0.5288333329326923 0.018999999999999993 0.03966666586538459
0 0.822875 0.40549999999999997 0.013250000000000001 0.016333331730769177
0 0.18662499999999999 0.8325 0.009749999999999993 0.014333331730769262
0 0.6486249999999999 0.3753333341346154 0.02874999999999995 0.021999999999999967
0 0.2075 0.8339999999999999 0.013999999999999995 0.015333331730769255
0 0.760625 0.5146666658653847 0.01225000000000001 0.044000000000000004
0 0.507125 0.698 0.04875 0.05733333173076934
0 0.38987499999999997 0.6398333329326923 0.016250000000000046 0.019666665865384604
0 0.6585 0.3521666658653846 0.03049999999999997 0.012999999999999968
0 0.6051249999999999 0.3626666670673077 0.027249999999999962 0.01866666586538461
0 0.5549999999999999 0.44383333293269234 0.02550000000000001 0.036333334134615376
0 0.611625 0.36983333413461533 0.06324999999999996 0.057000000000000044
0 0.520375 0.4009999999999999 0.01225000000000001 0.009999999999999992
0 0.5121249999999999 0.429 0.015749999999999983 0.019999999999999983
0 0.493125 0.514 0.020749999999999942 0.025333331730769244
0 0.671375 0.3708333329326923 0.019749999999999882 0.019666665865384673
0 0.53725 0.4685 0.019999999999999983 0.024333331730769254
0 0.6527499999999999 0.46033333293269235 0.03049999999999997 0.02733333413461538
0 0.625625 0.4126666670673077 0.027249999999999962 0.0286666658653846
0 0.6170000000000001 0.4646666670673077 0.029499999999999978 0.02733333413461538
0 0.659 0.423 0.015000000000000022 0.01866666826923076
0 0.612125 0.4105 0.024749999999999914 0.04166666826923072
0 0.6335 0.4691666670673077 0.009999999999999924 0.014333334134615341
0 0.631 0.39716666706730774 0.02299999999999996 0.02833333413461537
0 0.6943750000000001 0.4208333329326923 0.03775000000000002 0.02766666586538461
0 0.6496250000000001 0.3873333329326923 0.01075000000000009 0.015333334134615403
0 0.58125 0.4443333341346154 0.03050000000000004 0.04599999999999999
0 0.5433749999999999 0.514 0.01725000000000004 0.025333331730769244
0 0.6166250000000001 0.4378333341346154 0.06525000000000009 0.035
0 0.701375 0.4625 0.038750000000000014 0.049666668269230795
0 0.6611250000000001 0.4433333341346154 0.02874999999999995 0.019999999999999983
0 0.6665 0.463 0.01149999999999998 0.01333333173076927
0 0.665125 0.485 0.01724999999999997 0.022000000000000037
0 0.665125 0.5388333329326923 0.022249999999999933 0.026333334134615385
0 0.675875 0.4888333329326923 0.01724999999999997 0.016333334134615393
0 0.5722499999999999 0.37033333413461544 0.01399999999999996 0.011999999999999976
0 0.677125 0.506 0.019749999999999882 0.022000000000000037
0 0.7573749999999999 0.4735 0.07175000000000004 0.060333331730769185
0 0.716625 0.4966666670673077 0.04625000000000002 0.01866666586538461
0 0.752 0.43399999999999994 0.02450000000000002 0.05800000000000004
0 0.626 0.5701666658653847 0.02799999999999999 0.02299999999999996
0 0.6245 0.5958333329326924 0.023000000000000027 0.05033333413461541
0 0.5211250000000001 0.49766666586538466 0.04025 0.03200000000000003
0 0.502125 0.5596666670673077 0.03374999999999998 0.03266666586538464
0 0.533 0.5086666670673077 0.0445 0.06466666586538466
0 0.5783750000000001 0.519 0.03125 0.05466666826923076
0 0.55725 0.4943333329326923 0.01400000000000003 0.029333334134615363
0 0.554875 0.6013333341346154 0.07324999999999995 0.06800000000000003
0 0.7848750000000001 0.6041666670673076 0.36374999999999996 0.11966666586538459
0 0.6010000000000001 0.4883333329326923 0.08 0.05466666586538461
0 0.609625 0.8488333329326923 0.011750000000000012 0.016333334134615393