0 0.774125 0.7391666658653846 0.01975000000000002 0.02299999999999996
0 0.7862500000000001 0.7171666658653846 0.06500000000000004 0.06900000000000002
0 0.39975 0.43 0.018 0.021999999999999967
0 0.6298750000000001 0.23033333293269231 0.02225000000000007 0.06133333413461536
0 0.908375 0.069 0.01975000000000002 0.02866666826923076
0 0.4985 0.27799999999999997 0.018 0.027333331730769232
0 0.948375 0.1106666670673077 0.051750000000000046 0.03533333413461538
0 0.554875 0.36800000000000005 0.01724999999999997 0.027333331730769232
0 0.67425 0.43133333293269227 0.02050000000000005 0.030666665865384586
0 0.55575 0.39883333293269235 0.29700000000000004 0.25166666586538466
0 0.755 0.35 0.17200000000000004 0.11866666826923078