0 0.298 0.1106666670673077 0.013999999999999995 0.017333334134615387
0 0.378375 0.14466666586538462 0.03125 0.022000000000000002
0 0.5347500000000001 0.2095 0.03299999999999995 0.03300000000000002
0 0.54175 0.28783333413461537 0.03699999999999999 0.04500000000000003
0 0.35575000000000007 0.3571666670673077 0.035500000000000004 0.05166666586538463
0 0.49162500000000003 0.2645 0.02225 0.03299999999999999
0 0.591125 0.2983333329326923 0.02225 0.0286666658653846
0 0.503375 0.37516666706730767 0.014749999999999989 0.019666665865384604
0 0.6158750000000001 0.4641666670673077 0.06824999999999992 0.06366666586538468
0 0.68875 0.4646666670673077 0.02799999999999992 0.02733333413461538
0 0.6956249999999999 0.6161666670673077 0.04375000000000011 0.05833333413461535
0 0.533 0.7738333329326923 0.07399999999999998 0.11633333413461545
0 0.510375 0.8603333329326923 0.051750000000000046 0.03733333413461537
0 0.477875 0.6656666670673078 0.03625000000000003 0.06266666586538455
0 0.491125 0.6204999999999999 0.023249999999999993 0.038333331730769284
0 0.29275 0.7889999999999999 0.018 0.06133333173076931
0 0.266 0.7056666670673077 0.037000000000000026 0.05733333413461535
0 0.128125 0.6721666670673077 0.03474999999999999 0.10633333413461539