0 0.152 0.5355 0.033 0.01966666826923075
0 0.412875 0.37416666586538455 0.05275000000000004 0.07900000000000001
0 0.44162500000000005 0.42233333293269226 0.08225000000000002 0.1053333341346154
0 0.604625 0.6695 0.013250000000000001 0.013000000000000038
0 0.03275 0.7413333341346154 0.0655 0.126
0 0.138125 0.901 0.019750000000000004 0.05066666826923079
0 0.869625 0.5311666670673076 0.02474999999999998 0.02833333413461537
0 0.9462499999999999 0.49766666586538466 0.016499999999999942 0.01399999999999996
0 0.619875 0.5536666670673077 0.022249999999999933 0.027333334134615448
0 0.59275 0.5316666670673077 0.0175 0.025333334134615394
0 0.52525 0.2616666658653846 0.08299999999999998 0.10000000000000002
0 0.6010000000000001 0.0195 0.02049999999999998 0.02633333173076923
0 0.734375 0.0705 0.05024999999999999 0.02966666826923076
0 0.6397499999999999 0.05966666586538462 0.030500000000000107 0.032
0 0.67175 0.017 0.01400000000000003 0.034
0 0.617875 0.012333332932692306 0.02125000000000001 0.018666665865384614
0 0.6347499999999999 0.009166667067307692 0.03049999999999997 0.018333334134615385