0 0.184125 0.20900000000000002 0.02125000000000001 0.01866666826923076
0 0.35850000000000004 0.31500000000000006 0.01650000000000001 0.022000000000000037
0 0.6545000000000001 0.45933333293269235 0.02550000000000001 0.049333334134615346
0 0.56275 0.394 0.05600000000000005 0.06133333173076924
0 0.46475000000000005 0.446 0.05449999999999999 0.01866666826923076
0 0.394 0.41416666586538464 0.04599999999999999 0.045
0 0.33187500000000003 0.4685 0.018750000000000027 0.05033333173076919
0 0.379625 0.44716666586538467 0.03524999999999997 0.045
0 0.40425 0.40433333293269236 0.06000000000000002 0.04066666586538465
0 0.2685 0.4701666670673077 0.015500000000000017 0.016333334134615393
0 0.6808750000000001 0.7775 0.03375000000000005 0.04500000000000007
0 0.724875 0.7956666670673077 0.0362500000000001 0.03533333413461538
0 0.536 0.7276666670673075 0.03049999999999997 0.05066666586538464
0 0.503 0.7085 0.04200000000000002 0.07366666826923075
0 0.52025 0.659 0.04699999999999998 0.07133333173076924