0 0.09843750000000001 0.8505208329326923 0.078125 0.09270833413461538
0 0.24570312500000002 0.5567708329326924 0.07578124999999998 0.12395833413461531
0 0.4515625 0.7145833341346154 0.05937499999999997 0.0625
0 0.4859375 0.8239583329326924 0.06562500000000003 0.10208333413461532
0 0.9406249999999999 0.48906249999999996 0.11406249999999997 0.04895833173076918
0 0.9515625000000001 0.4208333329326923 0.015625 0.016666665865384626
0 0.9644531249999999 0.0796875 0.06796875000000008 0.13645833173076924
0 0.875 0.5796875 0.04375000000000011 0.0427083317307692
0 0.919921875 0.7510416670673077 0.06171874999999989 0.13958333413461538
0 0.9011718750000001 0.8812500000000001 0.08671874999999997 0.07916666826923077
0 0.857421875 0.6505208329326924 0.044531249999999946 0.12395833413461531
0 0.935546875 0.8744791670673078 0.025781250000000054 0.03229166586538463