0 0.3057291670673077 0.9359375000000001 0.10520833413461537 0.060937499999999915
0 0.5671875 0.9468749999999999 0.028125000000000042 0.006249999999999918
0 0.3598958341346154 0.9339843750000001 0.040624999999999946 0.024218749999999973
0 0.5718749999999999 0.9671875000000001 0.02291666826923076 0.009375000000000081
0 0.37812500000000004 0.8374999999999999 0.09166666826923081 0.10624999999999997
0 0.36875 0.703125 0.04374999999999997 0.037500000000000054
0 0.6307291670673076 0.340234375 0.13229166586538454 0.09765625
0 0.7213541670673076 0.559375 0.06770833413461542 0.09218749999999999
0 0.653125 0.38242187499999997 0.0625 0.06484374999999999
0 0.3239583329326923 0.7574218749999999 0.09583333413461537 0.09765625
0 0.528125 0.589453125 0.02291666826923076 0.016406249999999973
0 0.6510416670673076 0.62421875 0.08541666586538468 0.09687499999999996
0 0.5666666658653846 0.63984375 0.32499999999999996 0.032812499999999946