0 0.10989583293269231 0.30234375 0.036458334134615376 0.04062499999999998
0 0.14687499999999998 0.425390625 0.04791666826923076 0.030468750000000027
0 0.09322916706730769 0.44257812500000004 0.03854166586538461 0.022656249999999958
0 0.1651041670673077 0.5796875 0.01145833413461538 0.0234375
0 0.44843750000000004 0.294921875 0.019791668269230733 0.013281250000000014
0 0.1385416670673077 0.6441406249999999 0.008333334134615388 0.013281250000000081
0 0.2130208341346154 0.47929687499999996 0.02187500000000002 0.007031249999999959
0 0.2182291658653846 0.41523437500000004 0.021874999999999985 0.0054687500000000135
0 0.1770833329326923 0.5859375 0.014583334134615407 0.017187499999999946
0 0.2942708341346154 0.559375 0.021874999999999985 0.01093749999999996
0 0.2520833341346154 0.396875 0.018749999999999992 0.015625
0 0.1651041670673077 0.33828125 0.0177083341346154 0.018750000000000027
0 0.3463541670673077 0.6277343750000001 0.0177083341346154 0.024218749999999973
0 0.16718750000000002 0.877734375 0.028125000000000008 0.013281249999999946
0 0.0979166670673077 0.9792968750000001 0.020833334134615394 0.022656250000000027
0 0.0817708329326923 0.8863281249999999 0.026041665865384606 0.013281250000000081
0 0.12447916706730769 0.7164062499999999 0.01145833413461538 0.02187499999999992
0 0.2890625 0.7765625 0.013541668269230747 0.015625
0 0.36979166706730765 0.61640625 0.03541666586538458 0.021875000000000054
0 0.38125 0.7109375 0.03333333173076925 0.01093749999999989
0 0.3151041670673077 0.77734375 0.013541665865384599 0.0234375
0 0.45364583293269234 0.546875 0.02604166586538457 0.009374999999999946
0 0.2234375 0.46875 0.02395833173076924 0.014062500000000054